A X G H P E M Y J
0 1 0 0 0 0 0 0 0
1 0 1 1 0 0 0 0 0
0 1 0 1 1 0 0 0 0
0 1 1 0 1 1 0 0 0
0 0 1 1 0 0 0 0 0
0 0 0 1 0 0 1 1 0
0 0 0 0 0 1 1 0 0
0 0 0 0 0 1 0 1 1
0 0 0 0 0 1 0 0 0
BFS
A B C D E F G H S
0 1 0 0 0 0 0 0 1
1 0 0 0 0 0 0 0 0
0 0 0 1 1 1 0 0 1
0 0 1 0 0 0 0 0 0
0 0 0 1 0 0 1 0 0
0 0 1 0 0 0 0 1 0
0 0 0 0 1 0 0 1 0
0 0 0 0 1 0 1 0 0
1 0 1 0 0 0 1 0 0

DFS
0 1 1 1 1 0 0 0
1 0 0 0 0 1 0 0
1 0 0 0 0 1 0 0
1 0 0 0 0 0 1 0
1 0 0 0 0 0 1 0
0 1 1 0 0 0 0 1
0 0 0 1 1 0 0 1
0 0 0 0 0 1 1 0 

dijktras

0 10 0 30 100
10 0 50 0 0
0 50 0 20 10
30 0 20 0 60
100 0 10 60 0